"V1","V2"
1,1
2,1
3,1
4,1
5,1
6,1
7,2
8,1
9,1
10,1
11,1
12,1
13,1
14,1
15,1
16,1
17,2
18,1
19,1
20,1
21,1
22,1
23,2
24,2
25,1
26,1
27,1
28,1
29,1
30,1
31,1
32,1
33,2
34,1
35,1
36,2
37,1
38,1
39,1
40,1
41,1
42,1
43,1
44,1
45,1
46,1
47,1
48,2
49,1
50,1
51,1
52,1
53,2
54,2
55,1
56,1
57,1
58,1
59,1
60,1
61,1
62,1
63,1
64,1
65,2
66,1
67,2
68,1
69,1
70,1
71,2
72,1
73,1
74,1
75,1
76,1
77,1
78,2
79,2
80,1
81,2
82,1
83,2
84,1
85,1
86,1
87,1
88,1
89,1
90,1
91,1
92,1
93,1
94,2
95,1
96,1
97,1
98,1
99,2
100,1
101,1
102,1
103,1
104,2
105,1
106,1
107,1
108,1
109,1
110,1
111,2
112,1
113,2
114,2
115,2
116,1
117,1
118,1
119,2
120,1
121,1
122,1
123,1
124,2
125,1
126,2
127,1
128,1
129,1
130,1
131,1
132,1
133,1
134,1
135,2
136,2
137,1
138,1
139,2
140,1
141,1
142,1
143,1
144,1
145,1
146,1
147,2
148,1
149,1
150,1
151,1
152,1
153,1
154,1
155,1
156,1
157,2
158,2
159,2
160,1
161,1
162,2
163,1
164,1
165,2
166,1
167,1
168,1
169,1
170,1
171,2
172,1
173,1
174,1
175,2
176,1
177,1
178,1
179,1
180,1
181,1
182,1
183,1
184,1
185,1
186,1
187,1
188,1
189,2
190,1
191,1
192,1
193,1
194,1
195,1
196,1
197,1
198,1
199,1
200,1
